<svg version="1.1" id="Layer_1" xmlns="http://www.w3.org/2000/svg" xmlns:xlink="http://www.w3.org/1999/xlink" x="0px" y="0px"
	 width="100%" viewBox="0 0 501 226" enable-background="new 0 0 501 226" xml:space="preserve">
<path fill="#000000" opacity="1.000000" stroke="none" 
	d="
M502.000000,42.000000 
	C502.000000,89.354225 502.000000,136.708450 501.606628,184.678375 
	C501.044464,201.745209 488.181732,219.482788 470.804932,224.018677 
	C466.566040,225.125137 462.269836,226.012115 458.000000,227.000000 
	C320.312439,227.000000 182.624878,227.000000 44.316544,226.602783 
	C31.212526,226.069611 21.089994,220.918320 12.463428,212.069168 
	C6.604132,206.058685 3.843323,198.551544 1.000000,191.000000 
	C1.000000,139.645767 1.000000,88.291542 1.374135,36.345512 
	C3.710006,25.038044 9.169583,16.231052 17.984243,10.186838 
	C23.723925,6.251137 30.621275,4.003740 37.000000,1.000000 
	C179.354233,1.000000 321.708466,1.000000 464.662506,1.380777 
	C479.251648,3.856349 489.288666,11.794125 495.809967,23.849245 
	C498.809082,29.393280 499.992981,35.919273 502.000000,42.000000 
M361.152618,57.097298 
	C356.688629,56.778122 352.188538,55.932850 347.767303,56.236378 
	C333.315735,57.228516 323.237061,65.214401 320.490204,77.635468 
	C318.338593,87.364891 321.081787,95.707733 328.854767,102.477432 
	C317.454407,109.873100 313.684723,120.307121 316.142517,132.900772 
	C318.444397,144.695160 325.915771,152.543518 337.263916,155.899094 
	C343.033905,157.605225 349.357483,158.103241 355.417389,158.030594 
	C369.252228,157.864761 381.952576,148.874756 385.602509,136.677917 
	C389.428650,123.892227 387.583527,111.850479 374.872742,102.969955 
	C377.315155,98.617836 380.589264,94.596214 381.959198,90.006279 
	C386.238800,75.667763 377.959259,62.584866 361.152618,57.097298 
M134.137726,100.473839 
	C138.807083,80.998817 129.009628,62.592651 110.819382,59.815742 
	C98.617256,57.952976 85.944054,58.773170 73.499077,59.086452 
	C67.888130,59.227703 64.075706,64.156158 64.045784,70.115273 
	C63.918625,95.438240 63.891647,120.762672 64.033943,146.085419 
	C64.073883,153.194000 68.563957,157.258591 75.342857,157.175720 
	C81.966515,157.094757 85.941467,153.194077 86.132988,146.097900 
	C86.328751,138.844254 86.176331,131.581177 86.176331,124.006615 
	C92.487755,124.006615 97.963982,124.020828 103.440109,124.003929 
	C119.450775,123.954521 129.162827,116.733688 134.137726,100.473839 
M209.522385,94.866898 
	C210.154266,83.073334 202.321976,79.358719 196.022171,81.235771 
	C192.739166,82.213959 190.079254,85.283470 187.013779,87.498024 
	C175.275238,77.557632 160.360992,78.308983 148.436188,89.027260 
	C132.422333,103.420860 134.087555,128.369736 142.063980,141.336304 
	C151.955383,157.415863 175.994156,163.852295 187.690948,149.268188 
	C188.322327,150.260376 188.923889,151.254227 189.572403,152.216400 
	C192.308029,156.275101 196.241943,157.712799 200.851807,156.702759 
	C205.544785,155.674515 208.224976,152.376389 209.006088,147.693588 
	C209.386917,145.410461 209.494598,143.060226 209.501053,140.739731 
	C209.542740,125.757484 209.522354,110.775070 209.522385,94.866898 
M251.819641,170.361298 
	C251.986694,169.890778 252.132172,169.411255 252.323914,168.951019 
	C262.338013,144.913528 272.431915,120.908836 282.325470,96.821861 
	C285.135040,89.981674 282.883148,84.346024 276.969818,81.797035 
	C270.651703,79.073563 265.199036,81.396843 262.092041,88.380638 
	C260.207581,92.616402 258.669617,97.005432 256.940735,101.311455 
	C254.282333,107.932617 251.593628,114.541618 248.572617,122.008995 
	C247.714310,119.881851 247.280838,118.812469 246.851059,117.741600 
	C242.898911,107.894142 239.023239,98.014969 234.957504,88.214645 
	C233.381882,84.416664 231.027603,81.299973 226.353256,80.888336 
	C216.986023,80.063423 211.434723,87.985939 215.260132,97.219437 
	C221.925644,113.308212 228.920776,129.261002 235.504044,145.382568 
	C236.373688,147.512192 236.309692,150.540100 235.518143,152.733368 
	C233.213837,159.118240 230.155396,165.226669 227.704575,171.564117 
	C225.194626,178.054520 227.442154,183.660477 233.163544,186.175217 
	C238.827072,188.664505 243.966187,186.727402 247.233719,180.593079 
	C248.866531,177.527679 250.078491,174.238113 251.819641,170.361298 
M288.155884,92.499939 
	C288.258820,110.290489 288.174164,128.085083 288.556854,145.869598 
	C288.710449,153.007217 293.184509,157.081009 299.376953,156.994308 
	C305.606750,156.907074 309.971924,152.117279 309.984924,145.002670 
	C310.036163,116.894188 310.029999,88.785515 309.988800,60.677002 
	C309.978546,53.677505 305.981903,49.223896 299.777344,48.995274 
	C293.354950,48.758625 288.845306,52.624439 288.561066,59.589523 
	C288.127441,70.214142 288.262360,80.861961 288.155884,92.499939 
M403.813202,80.921486 
	C397.132141,82.492172 394.273651,85.869644 394.206085,93.388824 
	C394.052032,110.532028 394.037384,127.678795 394.213409,144.821579 
	C394.291626,152.440781 398.754639,157.035675 405.253174,156.991821 
	C411.671143,156.948502 415.925873,152.118210 415.987823,144.565598 
	C416.065674,135.078461 416.224884,125.583328 415.926636,116.104927 
	C415.742523,110.253639 418.405853,106.575943 423.370239,104.365730 
	C427.295593,102.618111 431.466736,101.431252 435.448792,99.800301 
	C441.981659,97.124619 443.666718,90.358162 439.323730,84.704071 
	C435.884277,80.226303 429.691681,78.947769 424.043396,81.944008 
	C421.184875,83.460350 418.677795,85.639244 415.766663,87.691414 
	C413.326263,83.341118 409.910187,80.504463 403.813202,80.921486 
z"/>
<path fill="#FFFFFF" opacity="1.000000" stroke="none" 
	d="
M458.468658,227.000000 
	C462.269836,226.012115 466.566040,225.125137 470.804932,224.018677 
	C488.181732,219.482788 501.044464,201.745209 501.606628,185.147034 
	C502.000000,198.928391 502.000000,212.856781 502.000000,227.000000 
	C487.646484,227.000000 473.291901,227.000000 458.468658,227.000000 
z"/>
<path fill="#FFFFFF" opacity="1.000000" stroke="none" 
	d="
M1.000000,191.468658 
	C3.843323,198.551544 6.604132,206.058685 12.463428,212.069168 
	C21.089994,220.918320 31.212526,226.069611 43.847885,226.602783 
	C29.746515,227.000000 15.493032,227.000000 1.000000,227.000000 
	C1.000000,215.313522 1.000000,203.625427 1.000000,191.468658 
z"/>
<path fill="#FFFFFF" opacity="1.000000" stroke="none" 
	d="
M502.000000,41.531342 
	C499.992981,35.919273 498.809082,29.393280 495.809967,23.849245 
	C489.288666,11.794125 479.251648,3.856349 465.131165,1.380777 
	C477.263733,1.000000 489.527496,1.000000 502.000000,1.000000 
	C502.000000,14.353503 502.000000,27.708094 502.000000,41.531342 
z"/>
<path fill="#FFFFFF" opacity="1.000000" stroke="none" 
	d="
M36.531342,1.000000 
	C30.621275,4.003740 23.723925,6.251137 17.984243,10.186838 
	C9.169583,16.231052 3.710006,25.038044 1.374135,35.876854 
	C1.000000,24.405704 1.000000,12.811407 1.000000,1.000000 
	C12.686666,1.000000 24.374674,1.000000 36.531342,1.000000 
z"/>
<path fill="#FCFCFC" opacity="1.000000" stroke="none" 
	d="
M361.554871,57.194603 
	C377.959259,62.584866 386.238800,75.667763 381.959198,90.006279 
	C380.589264,94.596214 377.315155,98.617836 374.872742,102.969955 
	C387.583527,111.850479 389.428650,123.892227 385.602509,136.677917 
	C381.952576,148.874756 369.252228,157.864761 355.417389,158.030594 
	C349.357483,158.103241 343.033905,157.605225 337.263916,155.899094 
	C325.915771,152.543518 318.444397,144.695160 316.142517,132.900772 
	C313.684723,120.307121 317.454407,109.873100 328.854767,102.477432 
	C321.081787,95.707733 318.338593,87.364891 320.490204,77.635468 
	C323.237061,65.214401 333.315735,57.228516 347.767303,56.236378 
	C352.188538,55.932850 356.688629,56.778122 361.554871,57.194603 
M345.801514,135.184692 
	C353.929688,137.965591 360.702881,135.189011 363.337860,127.995941 
	C365.722351,121.486626 362.318542,114.260010 355.686523,111.751564 
	C349.953857,109.583275 343.328613,112.050873 340.231384,117.507912 
	C336.908691,123.362282 338.748169,129.974609 345.801514,135.184692 
M352.907990,94.428146 
	C357.671661,93.406807 360.486115,90.490593 360.961823,85.645981 
	C361.376587,81.422234 359.366058,78.250412 355.730865,76.303444 
	C351.986176,74.297813 348.330505,74.998451 345.111725,77.629143 
	C341.771667,80.358963 340.964050,84.118469 342.248260,87.960503 
	C343.763580,92.494019 347.355408,94.658447 352.907990,94.428146 
z"/>
<path fill="#FBFBFB" opacity="1.000000" stroke="none" 
	d="
M134.068878,100.887344 
	C129.162827,116.733688 119.450775,123.954521 103.440109,124.003929 
	C97.963982,124.020828 92.487755,124.006615 86.176331,124.006615 
	C86.176331,131.581177 86.328751,138.844254 86.132988,146.097900 
	C85.941467,153.194077 81.966515,157.094757 75.342857,157.175720 
	C68.563957,157.258591 64.073883,153.194000 64.033943,146.085419 
	C63.891647,120.762672 63.918625,95.438240 64.045784,70.115273 
	C64.075706,64.156158 67.888130,59.227703 73.499077,59.086452 
	C85.944054,58.773170 98.617256,57.952976 110.819382,59.815742 
	C129.009628,62.592651 138.807083,80.998817 134.068878,100.887344 
M92.510239,78.169678 
	C90.606293,78.169678 88.702347,78.169678 86.859352,78.169678 
	C86.859352,87.345398 86.859352,95.745338 86.859352,104.084778 
	C91.665779,104.084778 96.155464,104.432037 100.570557,104.006104 
	C107.797752,103.308884 112.345146,97.877419 112.152374,90.859886 
	C111.957741,83.774796 107.206390,78.791351 99.946960,78.205513 
	C97.796913,78.031998 95.621483,78.172867 92.510239,78.169678 
z"/>
<path fill="#FBFBFB" opacity="1.000000" stroke="none" 
	d="
M209.522369,95.329803 
	C209.522354,110.775070 209.542740,125.757484 209.501053,140.739731 
	C209.494598,143.060226 209.386917,145.410461 209.006088,147.693588 
	C208.224976,152.376389 205.544785,155.674515 200.851807,156.702759 
	C196.241943,157.712799 192.308029,156.275101 189.572403,152.216400 
	C188.923889,151.254227 188.322327,150.260376 187.690948,149.268188 
	C175.994156,163.852295 151.955383,157.415863 142.063980,141.336304 
	C134.087555,128.369736 132.422333,103.420860 148.436188,89.027260 
	C160.360992,78.308983 175.275238,77.557632 187.013779,87.498024 
	C190.079254,85.283470 192.739166,82.213959 196.022171,81.235771 
	C202.321976,79.358719 210.154266,83.073334 209.522369,95.329803 
M168.449936,136.548843 
	C174.783340,138.167709 179.959610,136.363632 183.770035,131.085968 
	C188.450592,124.603081 188.224060,112.533546 183.452667,106.108910 
	C178.876617,99.947311 169.943970,98.752907 163.989166,103.561256 
	C154.287415,111.395187 156.517273,133.183487 168.449936,136.548843 
z"/>
<path fill="#FCFCFC" opacity="1.000000" stroke="none" 
	d="
M251.650223,170.705627 
	C250.078491,174.238113 248.866531,177.527679 247.233719,180.593079 
	C243.966187,186.727402 238.827072,188.664505 233.163544,186.175217 
	C227.442154,183.660477 225.194626,178.054520 227.704575,171.564117 
	C230.155396,165.226669 233.213837,159.118240 235.518143,152.733368 
	C236.309692,150.540100 236.373688,147.512192 235.504044,145.382568 
	C228.920776,129.261002 221.925644,113.308212 215.260132,97.219437 
	C211.434723,87.985939 216.986023,80.063423 226.353256,80.888336 
	C231.027603,81.299973 233.381882,84.416664 234.957504,88.214645 
	C239.023239,98.014969 242.898911,107.894142 246.851059,117.741600 
	C247.280838,118.812469 247.714310,119.881851 248.572617,122.008995 
	C251.593628,114.541618 254.282333,107.932617 256.940735,101.311455 
	C258.669617,97.005432 260.207581,92.616402 262.092041,88.380638 
	C265.199036,81.396843 270.651703,79.073563 276.969818,81.797035 
	C282.883148,84.346024 285.135040,89.981674 282.325470,96.821861 
	C272.431915,120.908836 262.338013,144.913528 252.323914,168.951019 
	C252.132172,169.411255 251.986694,169.890778 251.650223,170.705627 
z"/>
<path fill="#FBFBFB" opacity="1.000000" stroke="none" 
	d="
M288.155884,91.999939 
	C288.262360,80.861961 288.127441,70.214142 288.561066,59.589523 
	C288.845306,52.624439 293.354950,48.758625 299.777344,48.995274 
	C305.981903,49.223896 309.978546,53.677505 309.988800,60.677002 
	C310.029999,88.785515 310.036163,116.894188 309.984924,145.002670 
	C309.971924,152.117279 305.606750,156.907074 299.376953,156.994308 
	C293.184509,157.081009 288.710449,153.007217 288.556854,145.869598 
	C288.174164,128.085083 288.258820,110.290489 288.155884,91.999939 
z"/>
<path fill="#FBFBFB" opacity="1.000000" stroke="none" 
	d="
M404.226929,80.877045 
	C409.910187,80.504463 413.326263,83.341118 415.766663,87.691414 
	C418.677795,85.639244 421.184875,83.460350 424.043396,81.944008 
	C429.691681,78.947769 435.884277,80.226303 439.323730,84.704071 
	C443.666718,90.358162 441.981659,97.124619 435.448792,99.800301 
	C431.466736,101.431252 427.295593,102.618111 423.370239,104.365730 
	C418.405853,106.575943 415.742523,110.253639 415.926636,116.104927 
	C416.224884,125.583328 416.065674,135.078461 415.987823,144.565598 
	C415.925873,152.118210 411.671143,156.948502 405.253174,156.991821 
	C398.754639,157.035675 394.291626,152.440781 394.213409,144.821579 
	C394.037384,127.678795 394.052032,110.532028 394.206085,93.388824 
	C394.273651,85.869644 397.132141,82.492172 404.226929,80.877045 
z"/>
<path fill="#030303" opacity="1.000000" stroke="none" 
	d="
M345.432098,135.029785 
	C338.748169,129.974609 336.908691,123.362282 340.231384,117.507912 
	C343.328613,112.050873 349.953857,109.583275 355.686523,111.751564 
	C362.318542,114.260010 365.722351,121.486626 363.337860,127.995941 
	C360.702881,135.189011 353.929688,137.965591 345.432098,135.029785 
z"/>
<path fill="#070707" opacity="1.000000" stroke="none" 
	d="
M352.542969,94.534889 
	C347.355408,94.658447 343.763580,92.494019 342.248260,87.960503 
	C340.964050,84.118469 341.771667,80.358963 345.111725,77.629143 
	C348.330505,74.998451 351.986176,74.297813 355.730865,76.303444 
	C359.366058,78.250412 361.376587,81.422234 360.961823,85.645981 
	C360.486115,90.490593 357.671661,93.406807 352.542969,94.534889 
z"/>
<path fill="#030303" opacity="1.000000" stroke="none" 
	d="
M92.983963,78.169678 
	C95.621483,78.172867 97.796913,78.031998 99.946960,78.205513 
	C107.206390,78.791351 111.957741,83.774796 112.152374,90.859886 
	C112.345146,97.877419 107.797752,103.308884 100.570557,104.006104 
	C96.155464,104.432037 91.665779,104.084778 86.859352,104.084778 
	C86.859352,95.745338 86.859352,87.345398 86.859352,78.169678 
	C88.702347,78.169678 90.606293,78.169678 92.983963,78.169678 
z"/>
<path fill="#030303" opacity="1.000000" stroke="none" 
	d="
M168.088348,136.372131 
	C156.517273,133.183487 154.287415,111.395187 163.989166,103.561256 
	C169.943970,98.752907 178.876617,99.947311 183.452667,106.108910 
	C188.224060,112.533546 188.450592,124.603081 183.770035,131.085968 
	C179.959610,136.363632 174.783340,138.167709 168.088348,136.372131 
z"/>
</svg>
